648 runnu.

8111011024, 81111101 (1 8011111101110111110
532 2, 1101101367 3 Rorimorum 97 10
8000110 (1480 20 ros harophormum 11 14
Rodacis 812 15 80001011852518, Roscio
8000110 fl. 242 12, -Lam 358 8
0010100242 8, 800010 8000108000 995 .
242 7, Rodanum fl. 2376 80101010 es. Butaroton
Rodingis 297 11 Rotas 280 1, (1483 15
Rodos ius. 394 10 Roxolanis 199 16
Roma 274 9, 33413, GRoxolauorum patria 29 8,
473 13, 47822, 4791, 175 5, ..1001011421
48119, 4941, 504 6, 18, -ragionis 175 15,
510 17, Romus (1406 5, 80101000132410, 417 6,
400 10, Romam 110 10, usus 14
279 7, 280 9, 234 6, 80000 (Mauritania) 153 10
2854, (148017, 4811, Rubos 282 11, Rubus G
483 7, 4841, 48714, 48517
488 8, 491 7, 503 20, Rubra 269 5, 337 1, G
540 1617 475 14, 512 5
Roma nova (1534 19 Rubras 150 9
Romae Tuscia 249 3 Rubriari 307 12
Romani 9 3, Romanorum 8001100100110. 408 15
001011 (1464 10, -0011- Rubricatum 804 3, Lubri-
0010 (1501 16, -consu- catum 342 10, Laubri·
libus (1540 9, - cos· 001011 (1514 25
mugrapbum 120 1, - 80010100100010010141215,
0101080011467 20, ... (1500 23
10101714, -imperator Rubrum mare 515, 5017,
32 2, ...philosophum 60 3, 12916, 390 18,
286 18, -pbilosopbos Rubri maris 165 15, (1
17112, 180 7, 186 5, 5498 ¹
19316, 20511, 2143, Bubus (148517, Rubos
23315, 24614, 3018, 282 11
-0011011100101132 6, Ro· Rucinium 208 9
1001008450 11 Ruga (1468 19, 5075
Romsssiana 191 15 Ruginio 0180111100
Romoald (1467 16 Rugium 231 16
Romula 220 15 Ruguuiae 01. Rusguniae
Romulus 188 18 Ruigno 01. Reviugo
8011000110 71 17 8011 67 8
Roramis 178 19 Rumabo 434 18

 

