646 “ sanna.

35555 47 12 115555 (15511115 228 15
1155115 85 2 Ravatonium 485 22

1115115 53 18 Ravenatone 424 13
35555155155.38918 3515115538 10, 258 3,

Raouios ina. 331 17 3261, 33011, 33311, 3
· 11515 356 95 115515 (1524 (146120, 502 5, 564

1511151551 ’ 15, 5555, 51115

Bagauna 48 14 Ravennam 290 5, 388 .

353555156310 14, (154421
35555155113511551515120310 Ravennaeium (Natiolum) (1
351555 43 3 506 16
Rama [3515556155] 240 5 3515555115(115511515)247 14
Rama (Palaestinae) 82 15 Ravonia 481 2
355151115 124 6 3511515115 56 14
Rana 48 1 Raxtomessa fl. 489 1
3555111 58 6 35515 (1491 8
Rana 279 145 1155555 (1 Reatinam (1491 12

483 14 3551155 agro (1456 5
35512817, (1484 20 3551157314
3551555 292 11 3551155 51. 315155
Ranilum 191 4 355155 (1490 16
35515 222 21 1551515555111151 884 11, G
355555 (1483 14; Rana 5461

1
1

1

279 14 115555515311151155129010 ,
Raparia 224 7, 381 14, 11555515 (1111511515) (15356 1
(1543 11 3515115551. 351515551551 5

3555555537 4 15155551115115 (1530 11
1155555166 19 Regaina ins. 440 16
3515151515 71 15 Reganum fl. 229 19

35515 51. 35115 3555511515 426 14
3551111555 51. Rusticiana Regia (Columna) 263 12,

5551551 515 15 1 55115, 51115, snas

Rata Carion 429 6 3551555 190 2
35115115 190 6 Regiensis fretum 2943
115115 155. 442 17 Regii 51. Regium
Ratisinm (1151155155)(1541 Regina 315 1

25 {Reginis colonia G 498 2 4

3515511551 95 13 Regio 5135515111
Raiyra 178 8 Regis 51. Aquas Regis

Raugis fl. (1563 2; Bangis Regium (Italiae) G455 18, ¹
115511 4718, 508 4.6;-55551 1

 

