668 rumex.

8010110000 840 6;801011100 Spano 48 1
2445, (161818 8000006021611
Solarium 01. 8010000001 Spania 9 2, 8012 (1110),
8011100010. 149 14 30214, 307 8, 30818,
8010001. 80100 (Ciliciae) 816 9, 31917, 3221.
8010010 100. 408 4; lulio 810130 8000100813,
4089 1676, 312 5, 3144
8010οε10001 regionem (1502 8248, 414 8, 4436
18 1ος Spaniam 301 617
solertissimi viri 4 9, 112 3210, 823 2, 84412

l
ο
1
1

8011726 418 6; 01. Hispaniae ,

8011011. 405 20 100001οτ0

Solinga 47 1 Spanicus (Oceanus) (1665 53
solist 233 3 8000101 325 3
8010010100 01. 8010000100 8000000000οοἱο 290 817,
8010000100101 14; 801001- 418 60 Sponoguascouiuo

0100 366 14; 80100100 322 3; Sponoguaaconicm
(168122 2001218, 30013.17;

ι

80100(01110100)0211, 8693) 800000000000010106555 -

Solde (1526 1 10

80100 (Cypri) 308 13 800000000001110000(Οο00000) l
Someschae 75 14 , (1656 4; Spanoguoscouici

8001001. (10010 326 2

00100111 10 spanorum patriae 17, 0011 '

sophiae cultibus (1619 5 Spartaria 01. Cortago

Sora 275 7; 8010 (1479 17 Spar-thou 101 8

8016010 2220 800010000100 68 7; lolio
8010010 216 7 64 16

Sorores 810 15 . speciosissimae patriae 7 5)

8000010 01. 80000010 spatiosissimum desertum l

Sostrate (Indiae) 52 17 7 1

Sostrate (Persidis) 44 20 80000100 128 6

801100 72 4 Speculum 160 15
80111001. 405 5 80011010 (1492 11

8000010 182 5 Spelunca (Italiae) (1606 25;
8001011100 (1642 11; Spa· Speluncae (1467 9; Spo-
. 1011000200 8; 8001011001 1000002619, 8294

380 0 Speluncas (Africae) 352 13,

8001010100, 8001011010 01. (1621 20
8001011100 8000010010 132 17
8011000110 125 16 8001101001 217 8

 

