681 111111.

G 549 12, 41111111111811111118 518 9
11714, 16818, 888 6, 4111111 58 4
(1540 415, -1111111- Africa 36 4, 117 9, 1628,
rem 114 13, 116 12, 888 9 11, (1549 7,
418 6, (1547 8, 5481, 4111111185 8, 888 2,
..111111111111111111815 (151814, 520 28, 550
41111111111 (14895 . 14, 558 5, 41111111
41111121014 818, 117 7, 16512,
1111111111188 21, 11111111- 8281, 88711, 415 8,
vimus 886 8, aestimet 4455, (154916, 5508
85 2, 89 22, 165 1, Africana patria 189 7. 15,
88410 -regio 7 8, Africanae
Aethiopes 6 1, 186 14, 111111118918, —re-
Aethiopum gentem81 20, gionis 14614, 147 9,
-patria 5 17, 118 2, 4111111111 provinciam 146
-1111111144814, Ae· 6, 164 14, - regio·
11111111 Auxumitanos 416 nem 146 17
7, - Biboblatis416 10, 4111111111 18218, 872 18,
.. (11111111111 418 8, (15858
- Garamantium 416 9, Afrodisiade 168 18
- Trogloditorum 416 8 Afrodisinis 111. 891 18
Aethiopia 6 11, 87 2, 4111111112718
116 18, -Biboblatis 4111118150 15
618, 188 9, -Ga- 41111811111111111.4208
ramantium 6 7, 1885, 41111189 10
188 10, Aethiopiae 119 Agabis 187 10, 854 5. 8,
9, 1887, (15492, 8581, (1522 22, Aga-
..Β1111111111 158 18, bus 185 2, (152220,
.. Teligitorum (1548 20, Agapis (1525 11.
.- Troglodytorum 119 4, Agabus 11. Agabis
Aethiopiam Auxumitanam Agae calidae 11. Aquae 11-
188 5, - Biboblatis lidae
166 7, -· (1111111111111 Agae Convenarum 11. Aquae
166 8, -Trogioditorum Converantia
386 17, -Troglodyto- Agaeon 170 8 11. Acheon
1111111811, 44410 411111114111111
41111111. Ezene 411158 28
Afas Lacernae 143 4 Agaranorum 5 8
4111111111 148 9 Agaris 42 4
affati 1111 202 2, 418 11 Agarmi 143 5
11811111812 7 Agasel 143 12

 

