01111111 9498, Curam G Cyrenensium 1402
519 15 011111 ma. 995 15

0111111111. Curubis Cyrituca 67 7

01115111. 78 1 0111111. 77 13

0111111111 274 14, Carseolis 011111140318, (149719
(1479 6 01111111 393 10 ¹

Custodia RubriensIs 412 15, 01111ο11 145 9 j
(1500 23 Cyvoton (Apamea) 1035

011111 124 7

Cyaneis 367 14, Cinneis dabant nominandum 207 15

(1592 14, 01111111 76 9 Dabuaa 152 13 i
01511110912,0151119691, Dacorum 92 5, 203 4,
(1526 18 2048
0111111139 7 Dae fl. 66 19
01111 11. 0111111 Dagala 81 17
Cydonea 397 12 Daldareen 11. Dandarium
Cygnus civ. 92 10, 359 1, Dalmatia 36 14, 20710,
(1525 24 Dalmatiae 28 ll, 9612, ,
0111111 11. 1137 207 11.17. 18, 40713, 1
0111111 977 4, (1538 26, (1544 18,Ι)1111111111989,
0111111490 6 297 15, 212 1
0111111107 15, 01111362 4, Damascus 89 5
Sime (1528 8 Damianus (1539 7 1
0111111111 119 14 Damiupolis 169 19
0111111111 122 10 dampnatione 21 15
Cyon 11. Τ111 Dan 223 18, 11. Agit
0111109 6, 0111363 11, 1211111119179 9,11111111 ’
11111 11111 1
0111111111 (1598 22, 01111- Danas 67 9
11111 376 14,011111111111)111111 (1599 25 ,
409 2 Dandareon 11. Dandarium
Cypros' 111 393 3,(111111 Dandarium 177 11,Ι)11111-
1179, 8878, 39411. 111136915, 1211111111 ¹
13, Cyprum 3949 0583 24 ’
Cyptasa 199 9, 01111111 Dani 212 14, 0111111111 =
965 8, 0111111111 G 22513, 1211112919,
11111 11111,1111,11111 1
’ 1111113544, 111111, 11111111, 111 14, 111
Cyrenes 197 9 6, 212 19, (15541919,
Cyrenensis, 0111111111] cf. 1211111212 8, 11111111 ¹
Mauritania 36 16, 2027

 

