656 1115511.

815115116114, 784 (81155 51. 8165
81115106 16, 650 11 Silde Sile fl. 190 16
(1516 19 81156155 106 16
8111111551 166 17 8115155655155. 419 15
8111555657 5, 8165556718, 8115511515 101 17
8911; Sidonia (1151416 81155 51. 811555 (45155)
Sidone, Sidonia 51. Sidona Sileon (Asiae) 964 13, G
8155115659 15, (151616ς 560 8; 811551001
85151115 106 16 811555 (1151.) 166 9, 660 7 ;
8155151515, 81555155, 5181- 8115551 6471 6; 8511151115
555155 · (1508 1
81355155 667 93 Sigamium 8115515 51. 811555 (1151155)
76 4; 81555155 (1561 9 811155 51. Filium
8135551151(Ρο111115) 61516 263 silitum 186 8, (1486 9
8135555 (Portum) 645 16 811155 105 19
Signa municipium 156 8 811155 148 10
Signium 175 6; sigma G 8111515 71 11
479 16 “ silvestri 155. 991 7
8135111155 616 11 Silvium 51. 8111115

815515511111 5155116515 194 11.17; ,

8131555 51. Signiam 51151515 (1455 11 ,

siguense 14811, 1514 8155555565117,(15117; 1

8155555855 fl. 999 1 8551555555 140 14 ’

signionis 114 4 8151515 75 6

sigunna fl. 136 6 81515 civ. (1518 8; (11515

Sigara 81 16 661 43 Gymme 107 15

8115 (Asine) 715 , 81515 155. 6961

8115 (Italiae) 176 5; 85115 81515155 141 4; Siminina
51555 5151, 511511

81155555 51. 8511555515 Siminina 51. simiam

Silarium 51. Silaion 8111155515 155. 414 11 · ·

8115155 178 6; 8115111156 8115555555 16
481 1ος 75115 81151551 81151515 47 14
16414, (14718ς Si· 515151 1555515 8847
larium (1509 53 8515- 81555555 71 16
rium 661 11 81555 86 8
Silarum 51. Silaion Sinda maior 155. 410 4
81155 66 10 81551155 77 9, 668 7, G
8111115157 1ς811555156818, 561 14 ’
(1546 16ς81111551 (1461 1 815511155515 466 8
81155515 cf. Silbio Ι8153511. 90 1

 

