688 111111.

1111118111484 11 11151111 486 1
1111111111. 919 6 Tuge 199 1 .
11111515 958 19, Tritonia Tuliatodi montes 7 8; 111- ,
(1459 11 11115111 188 18 ²
Tripolis (Lydiae) 98 191 11115 988 16
1511516619 ‘ 1111151561 montes 188183 ¹
Tripolis (Phoeniciae) 94 9, 1111515111 1 8
857 10, (1595 4 11115115 66 18
’11115111 64 91 11111115 51. 1111115
Tritonia (1459 11ῑ 1111515 Tumo 51. Timum
958 19 11111551, 1111115
1111115111811 (1498 14 Tunica 51. Tuniza
Troada, 115515111151111115 1111115 51. Tuniza ¹
Troas 1111115848 91 1111115147 4
1155111115 897 13 Troentina 103 11111651899
6565 16 11111514718111111184861 1
Troglodytorumb 19, 116 11, 1111115 (1518 19 1
119 4, 186 8, 166 6, 111101 (1499 18
444 9.11; Trogloditorum Turaqua 867 19
118 4, 86617, 4169 Turbes 8116
’11515 998 9, 15. Colonia Turbine 161 1
1111515 'turbulenta fl. 161 4
11515 (Beana) (1485 191 1111511151 819 14
51. ans Turde 51. Tuder
Troiae (1461 14, 485 9, Turigoberga 989 99
588 17 1111111151. 1111115
115111111516596 4; 11111- 1111115 51. Thuris
phurion 359 6 1111111111 819 18
1151115115 47 7 1111111151 811 1
Trumphurion 859 63 Tro· 111116596819, 88616,
151115165964 · (147551 Turrita (1511 ,
Tmpudison ef. Tarpudison 99
Tuburbo maius 144 1 1111111315 999 9; Turringioe
Tubusubtos 156 18 986 1
1155 158 17 Turringorum 999 15
11651547 19 1111111111 418 16, (14996
11111867 17 Tanis, 11115, 111155, ’111-
1111151 1116511115) (1478 18, ¹ ribus
Turde 978 18 Turris (Arabiae) 56 1
1111511115 51. Tuder 111151(ὓώ1151.) 968 14,
115115115 51. Tabellaria 886 1, (15498

 

