11101111. 673

Vivet 148 4 1000100101. Icosium ’
Vividin fl. 488 14 1011011011 54 11
Vivio 411 171 Bibium G 1000110011011. 68 6
500 11 1000010110 58 1
11110110 Valentia 01. Bibonu 1111001088 181 1010111001
80100110 9699, 899 8, (1468 901
vocationibus 449 11 16100100 (1469 8, 5076
1010110010 01. Vadis 100100 (Augentum) (1469 9,
1011101110 485 4 507 9
Voliternis 01. Vadis ' 1111004991
101011 486 16 11101110 fl. 68 8

¹ Vcsporum 884 1111011884 9, 11580 51
= 1000111001411010 1111101099 15

10100110 100. 408 9 1110000011 417 19
1011100ῑο (1475 161 1101110110 chde 1110. 419 18
969 7, 887 41 111-0110010 11100011 170 19
(15198 111010 regio, 1110110, regia
ζ 10101010 (1488 901 80101010 01. Hippon regium
¹ 9861 1110110 Ζο1001011 147 111

0111010100111 101 1111- 111011 Zenetum 348 c;

101100 986 19 11111οο101010 (1518 91
1011011001 888 181 Vultur· 1110011010 ins. 891 8

num (1479 99, 509 941 10160100 101101011οἰ0 18 8

Βο110111010 965 11 10111010 01. 10011100

1 Vulturnum 01. 1011011001 10010010 198 19

1011010οι11. (14899 1000086914, (1598 901
1 Assos 108 7
1 Wandalorumgenscw, 1699 1000001011ὶο 80 15
1101011101011111011108554 90 10011010 866 111 10111100
Wrzacha 981 14 10111110011110658119
1110 80111100 prov. 60 18 -

1101111οα (Eraclia), 196 9
Xcrcu 59 19 Ζο00 148 41 Zacca 847 91
Χο111856 91 Ixion (1594 41 Zaccha G518 3

10110 ch 196 6 Ζο00001110 858 8, (1599 11

1 ch 01. Xcin Ζο000001110 148 8

Zacca, Ζο0011001. Ζο00

· 1110000 (1541 4 Ζο00110 01. Agoric

11101010 1110. 9 141 15011110 Zagurae 80 10
440 1 Ζο110011011 65 19

1510, (1496 21 ’ Ζο1111110 1110. 896 4
48

 

