Teon 10712; Teum 8621.
(1528 5

155155 51. Thespias

Tepidm 1608

15515 colonie 162 10

1555115155. 408 8

Terdec 11. 440 10

15515511. 77 12

Terebriee 807 2

Terentum 144 12

Tergeste 882 11, (1544 2;
15555515 255 93 Tregeeten
257 5; 15515515 (1460 4,
461 5

1551555 128 6

1551515278 18, (1482 20

1551155 prov. 51 15

15515515 155. 414 5

Termenie (1491 10

155515 51, Thermis

Termonin 425 2

Termose 128 11

Terreehe 811 11-

Terreeine 51. Teretina

Terregone 51. Tarraconem

1551555. 128 9

tenue 246 6

testere 28 8

1515115 (Atella) (1482 8
tetendit 1155555 2 6
Tetrapyrgia 92 12

1515155 122 1

Teum 51. Teon
Thebyrrue 51. 15551555
15555 128 19
1555555 148 18
Thege 48 5

15515515 145 18 ’
15515 128 2
1555511555 191 14
Thememuleni 145 4

mnu.

Themere 84 7

1555551 956 1; 51. Themin

15555511555555511555515)
(1524 2; 51. 1555151

15555551 80 14

1555315 128 6

155515 124 17; 1551355 17,
(1528 25

1555550524 2; 51. Tirenum

1555555155 185 8

Themeticum 224 8, 881 15,
G 548 12; 1555551155
298 6, (145816; 51155-
5511555515

15555515 145 7

1115555155. 895 5

Theteme 80 4

155515 96 4·

Theatrum ine. 444 4

Thebaide 188 8

Thebeethe 151 5

15551515 151 15

15551555 206 4

1551155155 185 9

155515 128 14

, 15555515555115 282 16

Tbegubris 81 8

155115 82 2

155115 124 8 t

15555155 51. 15155555

15515155 80 8

1555511555 51. Thenas

1555155141 8,, 850 8; 155-
manee (1520 6

Themiesinion 106 9

Thena 182 12

15555155. 444 8

Thenebestre 149 16

155515 160 7

Theodosia 870 4; 1555515
polie 178 17

 

