608 ranan.

(1111661666977 1111 (161666666417
(11111116. 604 16 Gotthos 69 16
Gimandrion prov. 66 6 Gotthos 61. Gothos
Gimandros 6. 68 7 (166611Μ1616611661164 16
(1161611116 660 9 Graouse 311 16
(1111161668 8, 606 14 (1161666166. 441 17
(11111116164068 Graecae civ. 687 11111666
Gipsarea 660 16· (1166616616489 16
(1660111 (11166116141 6 (116661 phrlosophr Gaas 16,
girans 67 611 girat 669, Graecorum mesogia 9091
648 7, 4189 -nresogaon91 16·-111
Githi 141 43 (1116166010 1116691101 ...philoso-
(111666161766 11666170161-1111116·
(11111161. (111111 6611111161 196 16, 1981·
gladius versatilis 17 61 1 -11111166611111910, 466
Glandimarium 6086 1 161-611161616111114,
(1161166 6616616 46716 1 17110,1806,1866,
(11161666678916116166166 19614, 6004
16111 1611111161, 61111
Glodi 1116161 686 81 66161116161161116466 14
Flogdis G488 10 1111661616 71 66
(116111666606 10 1616161666 61. (11661666
(1111616611 6 {grandis 6166111664, 6961
Gnatia 61. Augustium 1 grando aramum 116 161
Gnosos 697 4 grandis fluvirrs 616 16
(1661116 44 16 Granga 96 6
Gonia 164 16, 664 143 (11661666666 7161661661
6111161111Ἰ 61116

(11116166. 406 16 64617, 69619, 601

(1616666811 Grannona 6761, 116679· ,
Gorgona ins. 416 16 (1166666 199 11
Gonnotia 931 1 Granona 61. Grannona
(1611116676 7, (1664 641 gratis dare 1 8
Gothus 606 41 Gothorum Gravete 66 6
philosophus 601 7, 616 Grauisca 667 6, 666 6,
16, (1664 61 ...1)111- (1474 6, 6111
losophum219 9, 66116, Graes G489 161 Graecae
26611, 66616, 666191 “ 6871
-11111166611111601 17, (1664 Gregorius 169 8
161 -1111116661111666061, (1161611 196 17
614 6, 66616, 660 7, (116116660417

 

r
.

