11551. 589

0155511555 cf. Cyparissa 401515151542 8
ciprianus 05194 Clampetia 264 6, 3321,
0151555115 618 047119, 50819
01511155 ins. 390 4 Clandate 218 13
01555115 141 2; 01555155 0155115217 12

350 15; Gypsarca G clarificetur 204

52011 0155515 258 8, 326 3, G
Circeia 0510 8; Circeius 462 8, 5051

0473 9 01515155527210, 047718
0115555 (Colchica) 174 6. 7 01556155115 112 9
0115515 122 5 01551155131151220 3
5115111515 398 16 Clavinio 425 17
circumvallatam 299 15 0155515190 10
01155155105555511115427 16 Cled tl. 440 9
011155 155. 395 14 Clemidium 222 3
0115555 316 14 Clenna fl. 289 16
01115 civ. 149 3, 1526 015555155155.39112
01115155. 390 9 0151551 11. 321 18 ’
Cisamos 397 13 Clesus fl. 289 8
0151 municipium 346 114 Cletabion prov. 52 1

0551 0517 16 01515515 59 3

Cissa ins· 4⁰8 21 Gletureium 51. 0151111555

ἓξθθθῐξ fl· 77 1¹4 Cleturnon 281 5; 0151111-
menum 0f· ⁰¹⁵40¹1¹⁸⁸ cium 5454 15

5155555551 5, 5511 103 mevenni 5458 7101515115
0151515151 140 10 251 17

Cistonia 308 7 05515555 24

elstra 58 4 cuneum 155 5

0151155661 16, 0528 21 Clipeis 142 3, 349 73

05115115 107 9 Clyppejs (3519 14

555055 46 12 51555 5154 m
aa 172 16

cithim fl· 113 6 0155515555 51. 01551555
011155 399 155 Ργ111155ᾖο15515553658ς 0155515555
376 7; Ρ1111155 0538 13· 0530 22; 0551555100 9
01155 218 4 {clostra 0510 11; Colostris
Civitas Nova 285 63 Nove] 334 7; 11155515 266 7,
04888 ¹ 047311
0151555 108 16; Cycon 015515551015511151
363 8; Kyzicon 0529 4101551155. 0489 l; 0155155
015151159514 l 2866

 

