51⁰ 115155.

41555282 6, 64858 4111155155 821
41151115 6581 25ς 41551115 Artemide 67 8
867 1; 4155115 102 2 1411515511 fl. 119 14
Arragina 555 5 insecura 6451 5
4553555808 9, 6514 16; 4111555815 9
4155555 842 1 Articabe 810 8
Arsenrosstim (Mesopotamiae) Artion ins. 408 16
8018 4155154214 ¹
415555155514151511155) 75 7 4155155 178 18
41555154915, 5012 4155181717
4155115111 705 4151115184 18, 658618,
415555 6478 21 855555 cf. Acerdos 5141555155
2782 45555 588
415555115111156 2; 6515555- 455551515 47 4
115 845 17, 6517 4 4551555 208 11
4151 125 19 {mendi 172 15
41515511. 256 0, 881 18,'Asbyste 186 6
6460 18. 20, 548 1511455555 fl. 405 18
4151552561 45551555 86 5, 356 11,
41515 ii. 2017 652418
4151115120 14 45555115 288 1
Arsinia 80 18 4551115126 1
Arsinoe (Arebiee 15515115) Ascibugio 227 10
58 19 455155 prov. 51 16
Arsinoe enpuriunr (Arabiae 45515 282 28
15515115) 58 19 Asclepium G 540 8. 12ς
Arsinoe (01115155) 858 10, Asclepio 6540 18
6526 8; 4151555102 11 1 ascribitur 5 11, 7 10.18,
Arsinoe (Cypri) 888 14 6217, 15815, 200 8,
Arsinoe (ed 15515 Rubrum) 201 ule, 280 2, 416 2;
129 15 “ 5455551151151ς ascribuntur
4151555 51. 4151555 (61115155) 88, 289
4151117017 Asculum (Piceni) 258 8,
511586 6ς-5ἀ51515888 2 6462 22
41155155 of. 411555 4555155 (Serico) 6486 11
41155155 80 12 451586 518, 87 8, 40 2,
411555 564 5; 4115155589 114 451511, 116 9,
11; 41555565801 117 6, 160 6, 55715,
411515 222 20 88811, 6547151ος
4115115 prov. 681 45155115 5, 8881, 6
4115151549 12, 7818 54714, 548 8.1'1.l9;

 

