⁵0⁶ unrx.

quci 64 3 0555515555 800 3
0555153378, 05127 0551555115514917
0551115 0486 1, 506 191055ῑί151· 132 8

0511112831, (146612 055155151115
05555 121 7 Centum 551115267 3, 335 i,
05115515 188 141 0511551551 (1474 3, 510 23

188 19 Centurica G497 2
cedunt in 15515 179 9 centurionibus 34 10
05655 205 13 0551515515 ins. 401 17
05155 281 143 051551 G Cepora (Potoni) 1127

4852 Ceppoe 308 3, 0532 201
051515 51. 05155 Gypos 76 13
0511118211, 37211, CCepsifl. 1469

535 4 Ceramia 196 11
0515111555 87 12 Cerae 85 3, 1971
Celenderis 102 13, 359 91 cemus civ· 101 63 cm,

Kelendl'i! G526 7 sunta G53l 15. cen,
5555 (Aquis) 5515 ,,,,,,, 366, ’
Ostentum 5¹¹⁸· 493 13 0515555155. 392 18
011110 ⁰⁶ ⁰5⁶⁸ . cercenis (Aqui) 515 5·
celem 34³ 4’ celem G Cercina 155 410 9

115 11ς Celeret 304 12 ·

5511155 1, 5455 11; 099111 1³⁰⁶
0661116 (1166 1, 66616 Cerdefenncscf.Scerdifencrnm

0511555 306 17 ,051555100 5, 365 41 855-
05115 190 9 515 Grec 13

Celovion 4⁸4⁶ cerens (Bruttii) 151 5

011111011118111111 1⁷³ 0515113’(111Ξ12303’4550,81ὲ

0515055268 ⁷, ³3⁶⁶ 515 5· carceris 1555
celtum 315 2 ’

celunno 432 16 05115555 cf. 05115555

05553651810555505318 05115555 282 41 05115515
Cenchreae 373 21 Cenchris 0485 6

0538 81 0555115 399 10 051111 (Foro) 272 11
0555115 254 12, (11459 24 0511111584 9
0555 opido 307 4 051155 485 18
05551151155183 13, 184 6051511515 436 12
0511551551 (Venta) 430 1 051515 393 11
05555 135 14 0515555115 945 17, 051141

Cenon idrima 59 8 Arsencrium 156 2

 

