574 Ι 155151.

Bagaridon 298 10 , 85115151518111511) (1488 8,
Bagossolam fl. 179 16 Baiarum 279 8
Bagrada fl. 152 17 Ballenis 51. Costa 85115515
Bagradas 152 9 851115 cf. 851115 (Etruriae)
85155 (Albis) 218 7 8515555 regia 285 163 Bal-
Baias (ltaliae) 888 10, 8515 neum regis (1488 18
(147219, 509 21, Blae 8151515217 19
265 8 85155 806 10
8515 51. Baias (1151155) 8515515 820 18
85155115 18712, 854 2, 85151555581618
85151115 (1522 17 8511551 51. Palthon
8515551588 2, 857 18, (1 Bamaliana 305 10, 844 4,
525 7 (1516 8
85151515 279 8, Ballarum Bambinida 157 12
(1489 8 85155151 148 17
8515555515 157 14 8555 fl. 89 18
85151115, 51. 85155111 Banasa 162 17, 845 6,
85155 (Etruriae) (1490 8, Banasam (1516 19
8515515111 287 16 Bangis fl. 200 11, Rangia
851551815551)259 11, Valba fl. (1558 2
(1468 8 · 85555 482 20
8515515111 287 16, 85155 855515 4278
(1490 8 Bannovallum 480 8
“ 8515151155 prov. 69 5 855155 (1487 10
Baldis 145 19 8551551 66 15

Balearicum mare 8014 Ba· Ballem (V1001 189 2⁰

155115515511802 17, 51. 3191990 240 9
Valeriam 85157910, 51158114

85155115 215 9 Β919183065849
Balanis 51. Costa Ballenis Barballssswsslsyrlssel 88 13

Balentia 51. 815555 85155115 Bafbffllssum [Pelsldlssl 54 ⁸

Β51511515((151551155)26111, bmb²m⁵m⁰⁸4¹ 1714²

8296, 51.11515511551(Ο51- 238⁵ ’ἰῇ-510 balb&
binium) more 46 22, bar-

551515511589, 1621,
8515115518515511551551) 262 164113 abarbarig na.

6, 515 11; 5175155- 551511411 15
tium (Salaminorum) Barblana 53 10

8511515 154 11 85155 642
Balictanor 67 2 851551555 51. Colonia 851-
Balidaa 284 12 5155

 

