nmnx. 677

816100 867 8, (1626 1; Bi· Biraeon 179 11811000 186
1110089 9 18 “
8160610110 (Aethiopia) 8 18, Bireum 197 6
76, 188 an, 139 3, Birgusia 2897
168 13, 166 7, 41610 811110100. 4414
8111010869 4, 886 16181- 8111100 (1626 2; 8111111οο
6001061476 183 Vigola 89 10; Ρ111100 867 63
6512 4 tvioron (1624 24
816000 80100110 264 8; Bi· Birobesoa 818 10
bona Valentia (1471 16, 81100 01. 80100
608 161 Vivona Valentia Biaigibilias fl. 218 18
33118 Biston 808 16, 880 4, G
8111001001. Bibola 642 6
81001011. 299 2 8101υο60100 211 16
81010100018000101001 811001 (1688 6; 8111001
81000180 2, 86 7, 1104 868 16; Α6111001172 16
81000 62 16 ,81111000 184 17
Bidana 288 1 81111100 144 8
8111110166 14 Bithynia 36 19, 87 8,
Bigeste 2108 9110, 1148 .
8131224 2, 8819, (16486 8111101001260 9, (1467 6
Bigorrias 800 6 8110011110 146 16
8110 74 19 81100110 280 16
811010 01. 811100 811001100 (Constantinopolis)
811100 of. Soillea G634 17
Bilimasgram 40 19 81101181 11; 8110110870 18
8111008641ος 8110109916; 8110110 01. 81101
8111000 (16806 Blandae 264 9, 882 6, G
81801101.801101001 47122, 608 28
8111οο0 01. 811100 Blandiana 189 2
Biminatium 318 16 8100100ἰο 119 16
Binda viena 144 6 Blavia 298 4
81000110010426 7 Blegmies 136 1
Bingum 287 7 8100110896 19
Binnagar 487 Blera (Apuliae) 888 7, G
Binnaatas 129 18 486 8
ἰ 810100 110 18 Blera [Etruriae] 284 18,
¹ Bion 183 16 G4881
3 Biperariains.40813 8101011886 16
Bipone 314 8 810110 286 8

ἶ Bipplium 221 19 811000 48 6

ot

 

