598 55555.

aculus (1499 4 Egena 155. 398 6
9551155 909 9 Egeou 51. Egiou
955555 51. Euenus 515. Eger 119 6
95515 51. Ialaga Egerica 191 7

9515 434 4 9555115 404 6, (1497 19

95555 51. 115555 Egeta 190 11

95555 306 15 Egiala 96 10

Ebria 995 17 Egimoron 155. 410 7
95556555 940 6 . Egiou 677 7, 40095 liga,
Eburacum 431 16 Egeon (1539 6

95555555155543419 Egira 377 8, 40010, 9 =

Ebusa ina. 415 1 539 9

95555, 9555515519555 Egla 358 13, (1595 99; ¹
1

9555 989 8; 9555511555) Aedis 93 8
(1485191 9555555 (1 Egodes ins· 4091

488 19 Egona fl. 935 10, 936 l

Ecbatanua 59 91 Egosion 51. Icosium

95515515 917 4 95515511555511494915955 1

9561155 51. 961555 1551155 981 8
9515555 976 19; 91155555 Egram 51 10
(1480 13 Egritium 51. Ergitium

eclipsin patitur 94 99 Egubium (1479 9; 955515 ἦ

Ecobriga 98 18 515 5

95555 999 17 Eirimon ina. 441 90

9655 fl. 946 5 9155555551. Parnasum

Edelle 949 9, (1515 10, 915515 51. Elatia (1151156151
9155 304 11 91555155 419 10

9655 15 5 9155551115 (India) 45 8; 915·
96555 79 8 mitem 114 19, (1547 6; j

Edessa 1968 9155555515 416 5; ulain
96155 911 7; 51. 11561555 44 3
961555 89 135 9561155 9155551551915551115

3573, (159491 99551451551369959115515 l
Edruxion prov. 66 5 (1598 15; 11515115 108 1 ,
915555 51. Ephesus Elatia (Helladis) 975 7; l
Egea (Asiae) 74 13 915515 (1537 15, ueluti· 1

Egea (Helladis) 51. Egion 199 5

Egel 8 9, 1618, 166 8, 915115 51. 1115551115
416 113 51. Mauritania 91551555 ins· 441 5
5115155555 9155515 494 6

Egalin 163 18 91555615 49 17

 

