INDEX.

Divitia 56 15 Droxiliana 152 3

Dixio 432 2 Drubetis 203 7

Dixium 00011100] Drusiliana 151 18
0100011050 1, 6510 Drusipara 1842
Dizezcia 234 15 Druso pros Ipco 112 10
0100100 110 19 Duabsisis 434 9
Dobunorum (Cironium) 427 Duba 0. 241 16, 242 8

16 ’ 005100 75 12
00001010 109 19 00510 fl. 229 2
doctilam 388 17 Dubris 428 3
Dognavana 83 15 ducalis urbs 0480 10
00110 125 11 0005011 292 12
Dolocindo 425 16 00100 52 19
Domana 74 15 0111100429 10
Donatianis 220 5 Dumnaniorum (1000) 425 1
Dora 89 15, 957 1, G Duo 0111111110 150 11
524 19 0010 Nicanoris 82 7
001000001οι. 99 8, 499 7; 0010051010 01. Dyrachium
Dorcadcs 442 4 001510 0. 498 18
Dori 179 15 Durcadcna 389 17
0011010 53 15 001010010 429 15
0011001010 228 17; Doro· Duria 0. 288 11
susas 27 15 00110 Bautica 0. 288 15
Dorticum 190 8 00110110 195 13
Dorvantium fl. 498 8 00110100 424 17
Doryleon 110 16 0010ον01110 Cantiacorum
0000001071 8 428 4
Dosara 41 10 0010510510 428 ’6
0001000110 970 5 0010511010 429 17
Dracina 308 19 00101001 0. 439 15
draco inmanissimus (1540 Durostolon 189 17
125 draconem impiissi· Durotingo 241 1
0101110540 la; (1100000 Duroviguto 429 16
vescuntur 6 1 · Dymis 183 1401000978 2,
Dracones 160 7 0585 12
01011100. 219 2 Dyrachium (1541 14; Du-
Drepanis 403 6, G49611 rachium 38 8, 20315,
011000. 204 19 979 9.6, 98919; 01-
01101000. 212 5 rachium 0540 4, 544 20
Drinum 214 19
01000000. 299 9

 

