006 mnu.

6411411491, 802 4; 641· 14414418248; 6411144
141144 4444148 19 7414414444 844 14, 414

641114 6411144 Galliam ⁷¹ (8216101 (1411140
Galli„ Β41444444 802 16

6411444434 44, 444446917418 2⁷⁶ 2³ 0411144 3
..secundam 286 11 (14802

444444 444 44 f 9014106441344 44, 44-

641114 Belgia 4146411441681111ῗ8131ἷώξ44 (152215
226113 Gallmmssel· 1 4414717411 .

2 4444444444444444, 4787, ,
(444444434444444 44; (1910 8²¹¹¹¹¹²⁰¹⁰ ef. Gffluffl ‚

Galliamsselgieam295 4, 6818144464
41718 orum cf.F01·um Gallorum ³

(1111110 ins. 411 4 manum gallinacium 444 121
(11111101 ins. 444 14 Gallum gallinaceium 4 4

618 26, 64114 4411144414 2

64111444 Gallici Gallico 1429
Gallicum 6411444414 480 12
Gallicus colfus 68 143 Gangaris 96 13
Gallico oolfo 409 18 6444344444 108 6, 86218,
64111444 Oceanus 6666 2; 6628 19
6411144 (Oceano) 66508 Ganges civ. 46 4
Gallicum 444444 242 1864444446. 48 10
444 44, 444 44. 44, 44444444 44 44

2498, 2641, 2862, 6444444411444414411414414167. ¹
2922, 29814, 8014, 14, 186 6. 8.10.17, =

822 69, 6454 5, 16811, 1666, 4169 “
471 14, 488 7, 608 Garumnae 969

14, 666 12, 6411141 6444444140 106 17.
maris 270 12, 294 7,16441)414ι441ο 102 15
38811, 41816, 6 64464 268 9, 64698

47618, 48814 641- Gardum 184 113 6444144 ’

114ο mare 6466 11; 8661; cardum 66284
- mari 167 4, 242 64444461 16 1
16, 248 9, 282 7, Gargaridion prov. 51 17
29416, 822 16, 402 6444444411. 2996 ’
4, 44547, 444 4, (44444444
666 2 64414414, 644148144664414114
Gallicum (sinum) 6561 11 64416414 162 7
Gallicum Valeriacum 444444 6411441644 276 7
6666 16; 6411141 Va· 64444411. 78 8

 

