099 , 11111111.

01γ110100519 143 Clipeis 00110111100010101.699

’ 1423, 3497 Ι00111038 6.10.14...; 001-

0110010101111111 1111 37 16. 21. 23, 90

0111111361 13 Cnidon 0 16...;”01.00101111; 00110
527 9; 0111110111105 3 38911, 39016...; 001·

Coodulfaveris 228 4 1011 37 15, 295 31 001-

coaequatis 0468 10 10110 389 4

0001111111. 488 2 0011111001111101111141 19

00011011. 77 10 0011001 111 11

coartatos 31 18 001111010 127 17

0011010051461001111010 Colonia 0518 2; 0111010
941 6 347 8

0000111111 0488 6, 0001- 00101100 121 14
1001279 3 Colonia 87 2

000100 0457 13; 0011100 0010110 Agripina 227 14
25613 0010110 Buroino 341 15;

00011001 279 6; 0000111111 Colonia Burginum 0514
0483 6 13; Βο1001ο10 3037

000111111 121 18 Colonia Isauria 102 14

0001110110 434 14 001011011111413 9, 04996

0011100 01. 00011110 Colonia maritima 244 8, 1

⁸ Coeno 110. 4074 340 91 Coloniam 11011·

000110111413 113 00011111 11110111 0513 18
0499 8 Coloniae 426 2 ,
0001111101.00011101111 Colophon 107 10, 36117,
Coonopolis 01. 0001010110 0010110100 05283
(Owen.) Coloricum 319 10
000110 philosophorum 22 1 0010001001. 01001110
00101110 0490 15 0011111011 50 7 ;
Ooganges 4324 colpum 102 73 ex oolpo
Coguveuouron fl. 438 17 207 10; 01. 001110 ’
001010496 4; 00100 402 001111103011110263 12, 881
16 15, 0471 9, 5089
00101100 435 7 Coma 127 10
0010010 50 6; 0010101011 0011000111 95 8 ,
65 14 Oomogenis (Syria) 8516 ’
0010111011 01. 0010010 Comana 94 18 =
00101110 01100011 174 6.7 00111101 134 2, 35510 ³
00101100 regionis 174 11, 0011011110523 12 ’
0552 11 0011111111 01. 00110101
0010101110. 4202 ’ 0011111100 3004

 

