115111. 647

scissum 6495 3, Regii Ribingium 51. Revingo
11511111 6454 9, Regio Ribisiou 238 6

’ 38 15, 645416, 5133, Ricina 269 15, 337 12,

3511511111330 9, Regio 64761, Reoima 6512

11111330 12, 338 8, 35- 16

11511111263 11 31111151 6542 20, Rider
Regium (Thraciae) 182 5, 380 18

372 4, 6594 21 315515131111111
regma 6495 4 31111 51. Ratis
Reise 111. 335 13 Rigiensis 1311151) 243 9
351155 114 16 Rigiiiuus 23 7
151511111551295 4 Rigomacum 51. Rigomagus
reliquimus designandum 442 [Italiae]

12 . 31151511111151155) 250 15,
Remigium 51. Revingo Rigomaoum 6457 12
Ramista 215 17 Rigomagus (11351111) 227
remorata 511 28 5 12
Remetodion 190 5 Rimphaeismontibus 115 19,
35111 fi. 228 101416, 3111111551115115111417,

35111116. 2274, 228 9, 1159, 168 7, 323 9,

230 19 31111551 montes 6547 11,
Repetiniana 1571 548 6, 55018, 55120
3515151511112814, 2016, 31151111 (Francia) 226 10,

Rerifenorum 6553 17, 1111511511 233 14, Ri-

351515115132412, Re· 15115 2335

1515151 417 8, 3515151 31151111111115155111112299

65536 31155511151 116 18, 3115·
3515115 79 15 55111516524 10, Rino-
151511516468 13 , 5115151 166 1, Rinoou·
responditur 16 6 15151 6549 11, 311551-
35115151645310 11151356 8, 3885
15115 redeam 6503 17 31111515 222 22
35115111. 1351515111290 10 Ripariolum Lineneis 6504 10
1511156551] accessam 16 5 Ripae nigras 160 10
Revingo 382 3, Remigium Ripheos montes ctRimphaeis

6549 18, Ribingium G Rippem 51. Ypion

460 9. 23, Ruginio 256 311 222 1

12, Ruiguo 255 14, 31151115 891

25612 3161516532 2, 311151 ,
351111651210, Boxum 102 4, 3111518673

2699, 3376, 647518 3111111232 21

 

