11111. 655

Seru ins. 408 11 8111111111 169 11, 868 1ς

“ 8111111111 97 6 11. 815111151111 1181111-
, sorbitium 217 15 topoli

i 8111111111111.8111(11111111111 8111111111 52 18

g Serdica 191 10 Severianum (11111811511111)
. 81111151 432 12 (1487 2

8111111 181 5 81111 (1488 7

“ 8111181718 8111111111184016ς 811-

811111111101111111) (1547 9 1111111111 (1518 28; 811111-
811111 (11111111) (1486 11 tione 245 9
811111(11(111)45 151619, Sextia 258 18, (1462 13,
6010, 4171; Sericus 505 6; 81111118268
5 48 18 Sextis (Aquis) 244 8, 840 4,
’ Serichorum (Mesochorum)G (151811
487 8 Sextus 11. Sestos
Sericus ins. 896 5 811111011111111111 68 17

¹ Sericus Oceanus 415 17; Sibaris (Buris) (1465 20,

r Serico Oceano 421 7 466 9, 48514, 50618;
Ser-iem 211 5 815111 (1466 4

g 8111111227 16 8151111(81ρ111) (1461 1;
ἰ 81111114618 11. Siparis ,

Sermusa 99 7 81511111. Sibrium

Serpa 806 6 8151111897 8

81111 11111172 19 Sibrium 252 7; 815111 G
81111 minor 72 12 . 458 18

’ 811111 ins. 894 19 8151111111 ins. 406 17

8111111278 2; 1111111 (1 811181.,.14812
411 1 111111 111 11

ἒ 8111112869 8111122018
’ 8111115111 1181111111111 Sichinus 80 9

8111118721ος Sextus 182 8111111111. 402 6, 406 8,
10, (15858 (149812ς81111111407 61
8111518481, (1515 83 Siciliam 2685, 2844,
81111111 804 9 4051, (145410, 4711,
81111111 11. 811151 507 28
8111111 (1514 14; 8111111111 · 81111151 146 2
841 161 8111118086 8111118779, (1588101
Seustatio 818 6 8111111 400 11
81111112227 8111112178, 88012, (1
8111111511176 11; 11. 81· 542 14ς 8111111 209 10

5111151111 118111111111 ,8111111 11.· 811111

 

